123456
123465
123546
123564
123645
123654
124356
124365
124536
124563
124635
124653
125346
125364
125436
125463
125634
125643
126345
126354
126435
126453
126534
126543
132456
132465
132546
132564
132645
132654
134256
134265
134526
134562
134625
134652
135246
135264
135426
135462
135624
135642
136245
136254
136425
136452
136524
136542
142356
142365
142536
142563
142635
142653
143256
143265
143526
143562
143625
143652
145236
145263
145326
145362
145623
145632
146235
146253
146325
146352
146523
146532
152346
152364
152436
152463
152634
152643
153246
153264
153426
153462
153624
153642
154236
154263
154326
154362
154623
154632
156234
156243
156324
156342
156423
156432
162345
162354
162435
162453
162534
162543
163245
163254
163425
163452
163524
163542
164235
164253
164325
164352
164523
164532
165234
165243
165324
165342
165423
165432
