213456
213465
213546
213564
213645
213654
214356
214365
214536
214563
214635
214653
215346
215364
215436
215463
215634
215643
216345
216354
216435
216453
216534
216543
231456
231465
231546
231564
231645
231654
234156
234165
234516
234561
234615
234651
235146
235164
235416
235461
235614
235641
236145
236154
236415
236451
236514
236541
241356
241365
241536
241563
241635
241653
243156
243165
243516
243561
243615
243651
245136
245163
245316
245361
245613
245631
246135
246153
246315
246351
246513
246531
251346
251364
251436
251463
251634
251643
253146
253164
253416
253461
253614
253641
254136
254163
254316
254361
254613
254631
256134
256143
256314
256341
256413
256431
261345
261354
261435
261453
261534
261543
263145
263154
263415
263451
263514
263541
264135
264153
264315
264351
264513
264531
265134
265143
265314
265341
265413
265431
