312456
312465
312546
312564
312645
312654
314256
314265
314526
314562
314625
314652
315246
315264
315426
315462
315624
315642
316245
316254
316425
316452
316524
316542
321456
321465
321546
321564
321645
321654
324156
324165
324516
324561
324615
324651
325146
325164
325416
325461
325614
325641
326145
326154
326415
326451
326514
326541
341256
341265
341526
341562
341625
341652
342156
342165
342516
342561
342615
342651
345126
345162
345216
345261
345612
345621
346125
346152
346215
346251
346512
346521
351246
351264
351426
351462
351624
351642
352146
352164
352416
352461
352614
352641
354126
354162
354216
354261
354612
354621
356124
356142
356214
356241
356412
356421
361245
361254
361425
361452
361524
361542
362145
362154
362415
362451
362514
362541
364125
364152
364215
364251
364512
364521
365124
365142
365214
365241
365412
365421
