412356
412365
412536
412563
412635
412653
413256
413265
413526
413562
413625
413652
415236
415263
415326
415362
415623
415632
416235
416253
416325
416352
416523
416532
421356
421365
421536
421563
421635
421653
423156
423165
423516
423561
423615
423651
425136
425163
425316
425361
425613
425631
426135
426153
426315
426351
426513
426531
431256
431265
431526
431562
431625
431652
432156
432165
432516
432561
432615
432651
435126
435162
435216
435261
435612
435621
436125
436152
436215
436251
436512
436521
451236
451263
451326
451362
451623
451632
452136
452163
452316
452361
452613
452631
453126
453162
453216
453261
453612
453621
456123
456132
456213
456231
456312
456321
461235
461253
461325
461352
461523
461532
462135
462153
462315
462351
462513
462531
463125
463152
463215
463251
463512
463521
465123
465132
465213
465231
465312
465321
