512346
512364
512436
512463
512634
512643
513246
513264
513426
513462
513624
513642
514236
514263
514326
514362
514623
514632
516234
516243
516324
516342
516423
516432
521346
521364
521436
521463
521634
521643
523146
523164
523416
523461
523614
523641
524136
524163
524316
524361
524613
524631
526134
526143
526314
526341
526413
526431
531246
531264
531426
531462
531624
531642
532146
532164
532416
532461
532614
532641
534126
534162
534216
534261
534612
534621
536124
536142
536214
536241
536412
536421
541236
541263
541326
541362
541623
541632
542136
542163
542316
542361
542613
542631
543126
543162
543216
543261
543612
543621
546123
546132
546213
546231
546312
546321
561234
561243
561324
561342
561423
561432
562134
562143
562314
562341
562413
562431
563124
563142
563214
563241
563412
563421
564123
564132
564213
564231
564312
564321
