612345
612354
612435
612453
612534
612543
613245
613254
613425
613452
613524
613542
614235
614253
614325
614352
614523
614532
615234
615243
615324
615342
615423
615432
621345
621354
621435
621453
621534
621543
623145
623154
623415
623451
623514
623541
624135
624153
624315
624351
624513
624531
625134
625143
625314
625341
625413
625431
631245
631254
631425
631452
631524
631542
632145
632154
632415
632451
632514
632541
634125
634152
634215
634251
634512
634521
635124
635142
635214
635241
635412
635421
641235
641253
641325
641352
641523
641532
642135
642153
642315
642351
642513
642531
643125
643152
643215
643251
643512
643521
645123
645132
645213
645231
645312
645321
651234
651243
651324
651342
651423
651432
652134
652143
652314
652341
652413
652431
653124
653142
653214
653241
653412
653421
654123
654132
654213
654231
654312
654321
