1234567
1234576
1234657
1234675
1234756
1234765
1235467
1235476
1235647
1235674
1235746
1235764
1236457
1236475
1236547
1236574
1236745
1236754
1237456
1237465
1237546
1237564
1237645
1237654
1243567
1243576
1243657
1243675
1243756
1243765
1245367
1245376
1245637
1245673
1245736
1245763
1246357
1246375
1246537
1246573
1246735
1246753
1247356
1247365
1247536
1247563
1247635
1247653
1253467
1253476
1253647
1253674
1253746
1253764
1254367
1254376
1254637
1254673
1254736
1254763
1256347
1256374
1256437
1256473
1256734
1256743
1257346
1257364
1257436
1257463
1257634
1257643
1263457
1263475
1263547
1263574
1263745
1263754
1264357
1264375
1264537
1264573
1264735
1264753
1265347
1265374
1265437
1265473
1265734
1265743
1267345
1267354
1267435
1267453
1267534
1267543
1273456
1273465
1273546
1273564
1273645
1273654
1274356
1274365
1274536
1274563
1274635
1274653
1275346
1275364
1275436
1275463
1275634
1275643
1276345
1276354
1276435
1276453
1276534
1276543
1324567
1324576
1324657
1324675
1324756
1324765
1325467
1325476
1325647
1325674
1325746
1325764
1326457
1326475
1326547
1326574
1326745
1326754
1327456
1327465
1327546
1327564
1327645
1327654
1342567
1342576
1342657
1342675
1342756
1342765
1345267
1345276
1345627
1345672
1345726
1345762
1346257
1346275
1346527
1346572
1346725
1346752
1347256
1347265
1347526
1347562
1347625
1347652
1352467
1352476
1352647
1352674
1352746
1352764
1354267
1354276
1354627
1354672
1354726
1354762
1356247
1356274
1356427
1356472
1356724
1356742
1357246
1357264
1357426
1357462
1357624
1357642
1362457
1362475
1362547
1362574
1362745
1362754
1364257
1364275
1364527
1364572
1364725
1364752
1365247
1365274
1365427
1365472
1365724
1365742
1367245
1367254
1367425
1367452
1367524
1367542
1372456
1372465
1372546
1372564
1372645
1372654
1374256
1374265
1374526
1374562
1374625
1374652
1375246
1375264
1375426
1375462
1375624
1375642
1376245
1376254
1376425
1376452
1376524
1376542
1423567
1423576
1423657
1423675
1423756
1423765
1425367
1425376
1425637
1425673
1425736
1425763
1426357
1426375
1426537
1426573
1426735
1426753
1427356
1427365
1427536
1427563
1427635
1427653
1432567
1432576
1432657
1432675
1432756
1432765
1435267
1435276
1435627
1435672
1435726
1435762
1436257
1436275
1436527
1436572
1436725
1436752
1437256
1437265
1437526
1437562
1437625
1437652
1452367
1452376
1452637
1452673
1452736
1452763
1453267
1453276
1453627
1453672
1453726
1453762
1456237
1456273
1456327
1456372
1456723
1456732
1457236
1457263
1457326
1457362
1457623
1457632
1462357
1462375
1462537
1462573
1462735
1462753
1463257
1463275
1463527
1463572
1463725
1463752
1465237
1465273
1465327
1465372
1465723
1465732
1467235
1467253
1467325
1467352
1467523
1467532
1472356
1472365
1472536
1472563
1472635
1472653
1473256
1473265
1473526
1473562
1473625
1473652
1475236
1475263
1475326
1475362
1475623
1475632
1476235
1476253
1476325
1476352
1476523
1476532
1523467
1523476
1523647
1523674
1523746
1523764
1524367
1524376
1524637
1524673
1524736
1524763
1526347
1526374
1526437
1526473
1526734
1526743
1527346
1527364
1527436
1527463
1527634
1527643
1532467
1532476
1532647
1532674
1532746
1532764
1534267
1534276
1534627
1534672
1534726
1534762
1536247
1536274
1536427
1536472
1536724
1536742
1537246
1537264
1537426
1537462
1537624
1537642
1542367
1542376
1542637
1542673
1542736
1542763
1543267
1543276
1543627
1543672
1543726
1543762
1546237
1546273
1546327
1546372
1546723
1546732
1547236
1547263
1547326
1547362
1547623
1547632
1562347
1562374
1562437
1562473
1562734
1562743
1563247
1563274
1563427
1563472
1563724
1563742
1564237
1564273
1564327
1564372
1564723
1564732
1567234
1567243
1567324
1567342
1567423
1567432
1572346
1572364
1572436
1572463
1572634
1572643
1573246
1573264
1573426
1573462
1573624
1573642
1574236
1574263
1574326
1574362
1574623
1574632
1576234
1576243
1576324
1576342
1576423
1576432
1623457
1623475
1623547
1623574
1623745
1623754
1624357
1624375
1624537
1624573
1624735
1624753
1625347
1625374
1625437
1625473
1625734
1625743
1627345
1627354
1627435
1627453
1627534
1627543
1632457
1632475
1632547
1632574
1632745
1632754
1634257
1634275
1634527
1634572
1634725
1634752
1635247
1635274
1635427
1635472
1635724
1635742
1637245
1637254
1637425
1637452
1637524
1637542
1642357
1642375
1642537
1642573
1642735
1642753
1643257
1643275
1643527
1643572
1643725
1643752
1645237
1645273
1645327
1645372
1645723
1645732
1647235
1647253
1647325
1647352
1647523
1647532
1652347
1652374
1652437
1652473
1652734
1652743
1653247
1653274
1653427
1653472
1653724
1653742
1654237
1654273
1654327
1654372
1654723
1654732
1657234
1657243
1657324
1657342
1657423
1657432
1672345
1672354
1672435
1672453
1672534
1672543
1673245
1673254
1673425
1673452
1673524
1673542
1674235
1674253
1674325
1674352
1674523
1674532
1675234
1675243
1675324
1675342
1675423
1675432
1723456
1723465
1723546
1723564
1723645
1723654
1724356
1724365
1724536
1724563
1724635
1724653
1725346
1725364
1725436
1725463
1725634
1725643
1726345
1726354
1726435
1726453
1726534
1726543
1732456
1732465
1732546
1732564
1732645
1732654
1734256
1734265
1734526
1734562
1734625
1734652
1735246
1735264
1735426
1735462
1735624
1735642
1736245
1736254
1736425
1736452
1736524
1736542
1742356
1742365
1742536
1742563
1742635
1742653
1743256
1743265
1743526
1743562
1743625
1743652
1745236
1745263
1745326
1745362
1745623
1745632
1746235
1746253
1746325
1746352
1746523
1746532
1752346
1752364
1752436
1752463
1752634
1752643
1753246
1753264
1753426
1753462
1753624
1753642
1754236
1754263
1754326
1754362
1754623
1754632
1756234
1756243
1756324
1756342
1756423
1756432
1762345
1762354
1762435
1762453
1762534
1762543
1763245
1763254
1763425
1763452
1763524
1763542
1764235
1764253
1764325
1764352
1764523
1764532
1765234
1765243
1765324
1765342
1765423
1765432
