2134567
2134576
2134657
2134675
2134756
2134765
2135467
2135476
2135647
2135674
2135746
2135764
2136457
2136475
2136547
2136574
2136745
2136754
2137456
2137465
2137546
2137564
2137645
2137654
2143567
2143576
2143657
2143675
2143756
2143765
2145367
2145376
2145637
2145673
2145736
2145763
2146357
2146375
2146537
2146573
2146735
2146753
2147356
2147365
2147536
2147563
2147635
2147653
2153467
2153476
2153647
2153674
2153746
2153764
2154367
2154376
2154637
2154673
2154736
2154763
2156347
2156374
2156437
2156473
2156734
2156743
2157346
2157364
2157436
2157463
2157634
2157643
2163457
2163475
2163547
2163574
2163745
2163754
2164357
2164375
2164537
2164573
2164735
2164753
2165347
2165374
2165437
2165473
2165734
2165743
2167345
2167354
2167435
2167453
2167534
2167543
2173456
2173465
2173546
2173564
2173645
2173654
2174356
2174365
2174536
2174563
2174635
2174653
2175346
2175364
2175436
2175463
2175634
2175643
2176345
2176354
2176435
2176453
2176534
2176543
2314567
2314576
2314657
2314675
2314756
2314765
2315467
2315476
2315647
2315674
2315746
2315764
2316457
2316475
2316547
2316574
2316745
2316754
2317456
2317465
2317546
2317564
2317645
2317654
2341567
2341576
2341657
2341675
2341756
2341765
2345167
2345176
2345617
2345671
2345716
2345761
2346157
2346175
2346517
2346571
2346715
2346751
2347156
2347165
2347516
2347561
2347615
2347651
2351467
2351476
2351647
2351674
2351746
2351764
2354167
2354176
2354617
2354671
2354716
2354761
2356147
2356174
2356417
2356471
2356714
2356741
2357146
2357164
2357416
2357461
2357614
2357641
2361457
2361475
2361547
2361574
2361745
2361754
2364157
2364175
2364517
2364571
2364715
2364751
2365147
2365174
2365417
2365471
2365714
2365741
2367145
2367154
2367415
2367451
2367514
2367541
2371456
2371465
2371546
2371564
2371645
2371654
2374156
2374165
2374516
2374561
2374615
2374651
2375146
2375164
2375416
2375461
2375614
2375641
2376145
2376154
2376415
2376451
2376514
2376541
2413567
2413576
2413657
2413675
2413756
2413765
2415367
2415376
2415637
2415673
2415736
2415763
2416357
2416375
2416537
2416573
2416735
2416753
2417356
2417365
2417536
2417563
2417635
2417653
2431567
2431576
2431657
2431675
2431756
2431765
2435167
2435176
2435617
2435671
2435716
2435761
2436157
2436175
2436517
2436571
2436715
2436751
2437156
2437165
2437516
2437561
2437615
2437651
2451367
2451376
2451637
2451673
2451736
2451763
2453167
2453176
2453617
2453671
2453716
2453761
2456137
2456173
2456317
2456371
2456713
2456731
2457136
2457163
2457316
2457361
2457613
2457631
2461357
2461375
2461537
2461573
2461735
2461753
2463157
2463175
2463517
2463571
2463715
2463751
2465137
2465173
2465317
2465371
2465713
2465731
2467135
2467153
2467315
2467351
2467513
2467531
2471356
2471365
2471536
2471563
2471635
2471653
2473156
2473165
2473516
2473561
2473615
2473651
2475136
2475163
2475316
2475361
2475613
2475631
2476135
2476153
2476315
2476351
2476513
2476531
2513467
2513476
2513647
2513674
2513746
2513764
2514367
2514376
2514637
2514673
2514736
2514763
2516347
2516374
2516437
2516473
2516734
2516743
2517346
2517364
2517436
2517463
2517634
2517643
2531467
2531476
2531647
2531674
2531746
2531764
2534167
2534176
2534617
2534671
2534716
2534761
2536147
2536174
2536417
2536471
2536714
2536741
2537146
2537164
2537416
2537461
2537614
2537641
2541367
2541376
2541637
2541673
2541736
2541763
2543167
2543176
2543617
2543671
2543716
2543761
2546137
2546173
2546317
2546371
2546713
2546731
2547136
2547163
2547316
2547361
2547613
2547631
2561347
2561374
2561437
2561473
2561734
2561743
2563147
2563174
2563417
2563471
2563714
2563741
2564137
2564173
2564317
2564371
2564713
2564731
2567134
2567143
2567314
2567341
2567413
2567431
2571346
2571364
2571436
2571463
2571634
2571643
2573146
2573164
2573416
2573461
2573614
2573641
2574136
2574163
2574316
2574361
2574613
2574631
2576134
2576143
2576314
2576341
2576413
2576431
2613457
2613475
2613547
2613574
2613745
2613754
2614357
2614375
2614537
2614573
2614735
2614753
2615347
2615374
2615437
2615473
2615734
2615743
2617345
2617354
2617435
2617453
2617534
2617543
2631457
2631475
2631547
2631574
2631745
2631754
2634157
2634175
2634517
2634571
2634715
2634751
2635147
2635174
2635417
2635471
2635714
2635741
2637145
2637154
2637415
2637451
2637514
2637541
2641357
2641375
2641537
2641573
2641735
2641753
2643157
2643175
2643517
2643571
2643715
2643751
2645137
2645173
2645317
2645371
2645713
2645731
2647135
2647153
2647315
2647351
2647513
2647531
2651347
2651374
2651437
2651473
2651734
2651743
2653147
2653174
2653417
2653471
2653714
2653741
2654137
2654173
2654317
2654371
2654713
2654731
2657134
2657143
2657314
2657341
2657413
2657431
2671345
2671354
2671435
2671453
2671534
2671543
2673145
2673154
2673415
2673451
2673514
2673541
2674135
2674153
2674315
2674351
2674513
2674531
2675134
2675143
2675314
2675341
2675413
2675431
2713456
2713465
2713546
2713564
2713645
2713654
2714356
2714365
2714536
2714563
2714635
2714653
2715346
2715364
2715436
2715463
2715634
2715643
2716345
2716354
2716435
2716453
2716534
2716543
2731456
2731465
2731546
2731564
2731645
2731654
2734156
2734165
2734516
2734561
2734615
2734651
2735146
2735164
2735416
2735461
2735614
2735641
2736145
2736154
2736415
2736451
2736514
2736541
2741356
2741365
2741536
2741563
2741635
2741653
2743156
2743165
2743516
2743561
2743615
2743651
2745136
2745163
2745316
2745361
2745613
2745631
2746135
2746153
2746315
2746351
2746513
2746531
2751346
2751364
2751436
2751463
2751634
2751643
2753146
2753164
2753416
2753461
2753614
2753641
2754136
2754163
2754316
2754361
2754613
2754631
2756134
2756143
2756314
2756341
2756413
2756431
2761345
2761354
2761435
2761453
2761534
2761543
2763145
2763154
2763415
2763451
2763514
2763541
2764135
2764153
2764315
2764351
2764513
2764531
2765134
2765143
2765314
2765341
2765413
2765431
