3124567
3124576
3124657
3124675
3124756
3124765
3125467
3125476
3125647
3125674
3125746
3125764
3126457
3126475
3126547
3126574
3126745
3126754
3127456
3127465
3127546
3127564
3127645
3127654
3142567
3142576
3142657
3142675
3142756
3142765
3145267
3145276
3145627
3145672
3145726
3145762
3146257
3146275
3146527
3146572
3146725
3146752
3147256
3147265
3147526
3147562
3147625
3147652
3152467
3152476
3152647
3152674
3152746
3152764
3154267
3154276
3154627
3154672
3154726
3154762
3156247
3156274
3156427
3156472
3156724
3156742
3157246
3157264
3157426
3157462
3157624
3157642
3162457
3162475
3162547
3162574
3162745
3162754
3164257
3164275
3164527
3164572
3164725
3164752
3165247
3165274
3165427
3165472
3165724
3165742
3167245
3167254
3167425
3167452
3167524
3167542
3172456
3172465
3172546
3172564
3172645
3172654
3174256
3174265
3174526
3174562
3174625
3174652
3175246
3175264
3175426
3175462
3175624
3175642
3176245
3176254
3176425
3176452
3176524
3176542
3214567
3214576
3214657
3214675
3214756
3214765
3215467
3215476
3215647
3215674
3215746
3215764
3216457
3216475
3216547
3216574
3216745
3216754
3217456
3217465
3217546
3217564
3217645
3217654
3241567
3241576
3241657
3241675
3241756
3241765
3245167
3245176
3245617
3245671
3245716
3245761
3246157
3246175
3246517
3246571
3246715
3246751
3247156
3247165
3247516
3247561
3247615
3247651
3251467
3251476
3251647
3251674
3251746
3251764
3254167
3254176
3254617
3254671
3254716
3254761
3256147
3256174
3256417
3256471
3256714
3256741
3257146
3257164
3257416
3257461
3257614
3257641
3261457
3261475
3261547
3261574
3261745
3261754
3264157
3264175
3264517
3264571
3264715
3264751
3265147
3265174
3265417
3265471
3265714
3265741
3267145
3267154
3267415
3267451
3267514
3267541
3271456
3271465
3271546
3271564
3271645
3271654
3274156
3274165
3274516
3274561
3274615
3274651
3275146
3275164
3275416
3275461
3275614
3275641
3276145
3276154
3276415
3276451
3276514
3276541
3412567
3412576
3412657
3412675
3412756
3412765
3415267
3415276
3415627
3415672
3415726
3415762
3416257
3416275
3416527
3416572
3416725
3416752
3417256
3417265
3417526
3417562
3417625
3417652
3421567
3421576
3421657
3421675
3421756
3421765
3425167
3425176
3425617
3425671
3425716
3425761
3426157
3426175
3426517
3426571
3426715
3426751
3427156
3427165
3427516
3427561
3427615
3427651
3451267
3451276
3451627
3451672
3451726
3451762
3452167
3452176
3452617
3452671
3452716
3452761
3456127
3456172
3456217
3456271
3456712
3456721
3457126
3457162
3457216
3457261
3457612
3457621
3461257
3461275
3461527
3461572
3461725
3461752
3462157
3462175
3462517
3462571
3462715
3462751
3465127
3465172
3465217
3465271
3465712
3465721
3467125
3467152
3467215
3467251
3467512
3467521
3471256
3471265
3471526
3471562
3471625
3471652
3472156
3472165
3472516
3472561
3472615
3472651
3475126
3475162
3475216
3475261
3475612
3475621
3476125
3476152
3476215
3476251
3476512
3476521
3512467
3512476
3512647
3512674
3512746
3512764
3514267
3514276
3514627
3514672
3514726
3514762
3516247
3516274
3516427
3516472
3516724
3516742
3517246
3517264
3517426
3517462
3517624
3517642
3521467
3521476
3521647
3521674
3521746
3521764
3524167
3524176
3524617
3524671
3524716
3524761
3526147
3526174
3526417
3526471
3526714
3526741
3527146
3527164
3527416
3527461
3527614
3527641
3541267
3541276
3541627
3541672
3541726
3541762
3542167
3542176
3542617
3542671
3542716
3542761
3546127
3546172
3546217
3546271
3546712
3546721
3547126
3547162
3547216
3547261
3547612
3547621
3561247
3561274
3561427
3561472
3561724
3561742
3562147
3562174
3562417
3562471
3562714
3562741
3564127
3564172
3564217
3564271
3564712
3564721
3567124
3567142
3567214
3567241
3567412
3567421
3571246
3571264
3571426
3571462
3571624
3571642
3572146
3572164
3572416
3572461
3572614
3572641
3574126
3574162
3574216
3574261
3574612
3574621
3576124
3576142
3576214
3576241
3576412
3576421
3612457
3612475
3612547
3612574
3612745
3612754
3614257
3614275
3614527
3614572
3614725
3614752
3615247
3615274
3615427
3615472
3615724
3615742
3617245
3617254
3617425
3617452
3617524
3617542
3621457
3621475
3621547
3621574
3621745
3621754
3624157
3624175
3624517
3624571
3624715
3624751
3625147
3625174
3625417
3625471
3625714
3625741
3627145
3627154
3627415
3627451
3627514
3627541
3641257
3641275
3641527
3641572
3641725
3641752
3642157
3642175
3642517
3642571
3642715
3642751
3645127
3645172
3645217
3645271
3645712
3645721
3647125
3647152
3647215
3647251
3647512
3647521
3651247
3651274
3651427
3651472
3651724
3651742
3652147
3652174
3652417
3652471
3652714
3652741
3654127
3654172
3654217
3654271
3654712
3654721
3657124
3657142
3657214
3657241
3657412
3657421
3671245
3671254
3671425
3671452
3671524
3671542
3672145
3672154
3672415
3672451
3672514
3672541
3674125
3674152
3674215
3674251
3674512
3674521
3675124
3675142
3675214
3675241
3675412
3675421
3712456
3712465
3712546
3712564
3712645
3712654
3714256
3714265
3714526
3714562
3714625
3714652
3715246
3715264
3715426
3715462
3715624
3715642
3716245
3716254
3716425
3716452
3716524
3716542
3721456
3721465
3721546
3721564
3721645
3721654
3724156
3724165
3724516
3724561
3724615
3724651
3725146
3725164
3725416
3725461
3725614
3725641
3726145
3726154
3726415
3726451
3726514
3726541
3741256
3741265
3741526
3741562
3741625
3741652
3742156
3742165
3742516
3742561
3742615
3742651
3745126
3745162
3745216
3745261
3745612
3745621
3746125
3746152
3746215
3746251
3746512
3746521
3751246
3751264
3751426
3751462
3751624
3751642
3752146
3752164
3752416
3752461
3752614
3752641
3754126
3754162
3754216
3754261
3754612
3754621
3756124
3756142
3756214
3756241
3756412
3756421
3761245
3761254
3761425
3761452
3761524
3761542
3762145
3762154
3762415
3762451
3762514
3762541
3764125
3764152
3764215
3764251
3764512
3764521
3765124
3765142
3765214
3765241
3765412
3765421
