4123567
4123576
4123657
4123675
4123756
4123765
4125367
4125376
4125637
4125673
4125736
4125763
4126357
4126375
4126537
4126573
4126735
4126753
4127356
4127365
4127536
4127563
4127635
4127653
4132567
4132576
4132657
4132675
4132756
4132765
4135267
4135276
4135627
4135672
4135726
4135762
4136257
4136275
4136527
4136572
4136725
4136752
4137256
4137265
4137526
4137562
4137625
4137652
4152367
4152376
4152637
4152673
4152736
4152763
4153267
4153276
4153627
4153672
4153726
4153762
4156237
4156273
4156327
4156372
4156723
4156732
4157236
4157263
4157326
4157362
4157623
4157632
4162357
4162375
4162537
4162573
4162735
4162753
4163257
4163275
4163527
4163572
4163725
4163752
4165237
4165273
4165327
4165372
4165723
4165732
4167235
4167253
4167325
4167352
4167523
4167532
4172356
4172365
4172536
4172563
4172635
4172653
4173256
4173265
4173526
4173562
4173625
4173652
4175236
4175263
4175326
4175362
4175623
4175632
4176235
4176253
4176325
4176352
4176523
4176532
4213567
4213576
4213657
4213675
4213756
4213765
4215367
4215376
4215637
4215673
4215736
4215763
4216357
4216375
4216537
4216573
4216735
4216753
4217356
4217365
4217536
4217563
4217635
4217653
4231567
4231576
4231657
4231675
4231756
4231765
4235167
4235176
4235617
4235671
4235716
4235761
4236157
4236175
4236517
4236571
4236715
4236751
4237156
4237165
4237516
4237561
4237615
4237651
4251367
4251376
4251637
4251673
4251736
4251763
4253167
4253176
4253617
4253671
4253716
4253761
4256137
4256173
4256317
4256371
4256713
4256731
4257136
4257163
4257316
4257361
4257613
4257631
4261357
4261375
4261537
4261573
4261735
4261753
4263157
4263175
4263517
4263571
4263715
4263751
4265137
4265173
4265317
4265371
4265713
4265731
4267135
4267153
4267315
4267351
4267513
4267531
4271356
4271365
4271536
4271563
4271635
4271653
4273156
4273165
4273516
4273561
4273615
4273651
4275136
4275163
4275316
4275361
4275613
4275631
4276135
4276153
4276315
4276351
4276513
4276531
4312567
4312576
4312657
4312675
4312756
4312765
4315267
4315276
4315627
4315672
4315726
4315762
4316257
4316275
4316527
4316572
4316725
4316752
4317256
4317265
4317526
4317562
4317625
4317652
4321567
4321576
4321657
4321675
4321756
4321765
4325167
4325176
4325617
4325671
4325716
4325761
4326157
4326175
4326517
4326571
4326715
4326751
4327156
4327165
4327516
4327561
4327615
4327651
4351267
4351276
4351627
4351672
4351726
4351762
4352167
4352176
4352617
4352671
4352716
4352761
4356127
4356172
4356217
4356271
4356712
4356721
4357126
4357162
4357216
4357261
4357612
4357621
4361257
4361275
4361527
4361572
4361725
4361752
4362157
4362175
4362517
4362571
4362715
4362751
4365127
4365172
4365217
4365271
4365712
4365721
4367125
4367152
4367215
4367251
4367512
4367521
4371256
4371265
4371526
4371562
4371625
4371652
4372156
4372165
4372516
4372561
4372615
4372651
4375126
4375162
4375216
4375261
4375612
4375621
4376125
4376152
4376215
4376251
4376512
4376521
4512367
4512376
4512637
4512673
4512736
4512763
4513267
4513276
4513627
4513672
4513726
4513762
4516237
4516273
4516327
4516372
4516723
4516732
4517236
4517263
4517326
4517362
4517623
4517632
4521367
4521376
4521637
4521673
4521736
4521763
4523167
4523176
4523617
4523671
4523716
4523761
4526137
4526173
4526317
4526371
4526713
4526731
4527136
4527163
4527316
4527361
4527613
4527631
4531267
4531276
4531627
4531672
4531726
4531762
4532167
4532176
4532617
4532671
4532716
4532761
4536127
4536172
4536217
4536271
4536712
4536721
4537126
4537162
4537216
4537261
4537612
4537621
4561237
4561273
4561327
4561372
4561723
4561732
4562137
4562173
4562317
4562371
4562713
4562731
4563127
4563172
4563217
4563271
4563712
4563721
4567123
4567132
4567213
4567231
4567312
4567321
4571236
4571263
4571326
4571362
4571623
4571632
4572136
4572163
4572316
4572361
4572613
4572631
4573126
4573162
4573216
4573261
4573612
4573621
4576123
4576132
4576213
4576231
4576312
4576321
4612357
4612375
4612537
4612573
4612735
4612753
4613257
4613275
4613527
4613572
4613725
4613752
4615237
4615273
4615327
4615372
4615723
4615732
4617235
4617253
4617325
4617352
4617523
4617532
4621357
4621375
4621537
4621573
4621735
4621753
4623157
4623175
4623517
4623571
4623715
4623751
4625137
4625173
4625317
4625371
4625713
4625731
4627135
4627153
4627315
4627351
4627513
4627531
4631257
4631275
4631527
4631572
4631725
4631752
4632157
4632175
4632517
4632571
4632715
4632751
4635127
4635172
4635217
4635271
4635712
4635721
4637125
4637152
4637215
4637251
4637512
4637521
4651237
4651273
4651327
4651372
4651723
4651732
4652137
4652173
4652317
4652371
4652713
4652731
4653127
4653172
4653217
4653271
4653712
4653721
4657123
4657132
4657213
4657231
4657312
4657321
4671235
4671253
4671325
4671352
4671523
4671532
4672135
4672153
4672315
4672351
4672513
4672531
4673125
4673152
4673215
4673251
4673512
4673521
4675123
4675132
4675213
4675231
4675312
4675321
4712356
4712365
4712536
4712563
4712635
4712653
4713256
4713265
4713526
4713562
4713625
4713652
4715236
4715263
4715326
4715362
4715623
4715632
4716235
4716253
4716325
4716352
4716523
4716532
4721356
4721365
4721536
4721563
4721635
4721653
4723156
4723165
4723516
4723561
4723615
4723651
4725136
4725163
4725316
4725361
4725613
4725631
4726135
4726153
4726315
4726351
4726513
4726531
4731256
4731265
4731526
4731562
4731625
4731652
4732156
4732165
4732516
4732561
4732615
4732651
4735126
4735162
4735216
4735261
4735612
4735621
4736125
4736152
4736215
4736251
4736512
4736521
4751236
4751263
4751326
4751362
4751623
4751632
4752136
4752163
4752316
4752361
4752613
4752631
4753126
4753162
4753216
4753261
4753612
4753621
4756123
4756132
4756213
4756231
4756312
4756321
4761235
4761253
4761325
4761352
4761523
4761532
4762135
4762153
4762315
4762351
4762513
4762531
4763125
4763152
4763215
4763251
4763512
4763521
4765123
4765132
4765213
4765231
4765312
4765321
