5123467
5123476
5123647
5123674
5123746
5123764
5124367
5124376
5124637
5124673
5124736
5124763
5126347
5126374
5126437
5126473
5126734
5126743
5127346
5127364
5127436
5127463
5127634
5127643
5132467
5132476
5132647
5132674
5132746
5132764
5134267
5134276
5134627
5134672
5134726
5134762
5136247
5136274
5136427
5136472
5136724
5136742
5137246
5137264
5137426
5137462
5137624
5137642
5142367
5142376
5142637
5142673
5142736
5142763
5143267
5143276
5143627
5143672
5143726
5143762
5146237
5146273
5146327
5146372
5146723
5146732
5147236
5147263
5147326
5147362
5147623
5147632
5162347
5162374
5162437
5162473
5162734
5162743
5163247
5163274
5163427
5163472
5163724
5163742
5164237
5164273
5164327
5164372
5164723
5164732
5167234
5167243
5167324
5167342
5167423
5167432
5172346
5172364
5172436
5172463
5172634
5172643
5173246
5173264
5173426
5173462
5173624
5173642
5174236
5174263
5174326
5174362
5174623
5174632
5176234
5176243
5176324
5176342
5176423
5176432
5213467
5213476
5213647
5213674
5213746
5213764
5214367
5214376
5214637
5214673
5214736
5214763
5216347
5216374
5216437
5216473
5216734
5216743
5217346
5217364
5217436
5217463
5217634
5217643
5231467
5231476
5231647
5231674
5231746
5231764
5234167
5234176
5234617
5234671
5234716
5234761
5236147
5236174
5236417
5236471
5236714
5236741
5237146
5237164
5237416
5237461
5237614
5237641
5241367
5241376
5241637
5241673
5241736
5241763
5243167
5243176
5243617
5243671
5243716
5243761
5246137
5246173
5246317
5246371
5246713
5246731
5247136
5247163
5247316
5247361
5247613
5247631
5261347
5261374
5261437
5261473
5261734
5261743
5263147
5263174
5263417
5263471
5263714
5263741
5264137
5264173
5264317
5264371
5264713
5264731
5267134
5267143
5267314
5267341
5267413
5267431
5271346
5271364
5271436
5271463
5271634
5271643
5273146
5273164
5273416
5273461
5273614
5273641
5274136
5274163
5274316
5274361
5274613
5274631
5276134
5276143
5276314
5276341
5276413
5276431
5312467
5312476
5312647
5312674
5312746
5312764
5314267
5314276
5314627
5314672
5314726
5314762
5316247
5316274
5316427
5316472
5316724
5316742
5317246
5317264
5317426
5317462
5317624
5317642
5321467
5321476
5321647
5321674
5321746
5321764
5324167
5324176
5324617
5324671
5324716
5324761
5326147
5326174
5326417
5326471
5326714
5326741
5327146
5327164
5327416
5327461
5327614
5327641
5341267
5341276
5341627
5341672
5341726
5341762
5342167
5342176
5342617
5342671
5342716
5342761
5346127
5346172
5346217
5346271
5346712
5346721
5347126
5347162
5347216
5347261
5347612
5347621
5361247
5361274
5361427
5361472
5361724
5361742
5362147
5362174
5362417
5362471
5362714
5362741
5364127
5364172
5364217
5364271
5364712
5364721
5367124
5367142
5367214
5367241
5367412
5367421
5371246
5371264
5371426
5371462
5371624
5371642
5372146
5372164
5372416
5372461
5372614
5372641
5374126
5374162
5374216
5374261
5374612
5374621
5376124
5376142
5376214
5376241
5376412
5376421
5412367
5412376
5412637
5412673
5412736
5412763
5413267
5413276
5413627
5413672
5413726
5413762
5416237
5416273
5416327
5416372
5416723
5416732
5417236
5417263
5417326
5417362
5417623
5417632
5421367
5421376
5421637
5421673
5421736
5421763
5423167
5423176
5423617
5423671
5423716
5423761
5426137
5426173
5426317
5426371
5426713
5426731
5427136
5427163
5427316
5427361
5427613
5427631
5431267
5431276
5431627
5431672
5431726
5431762
5432167
5432176
5432617
5432671
5432716
5432761
5436127
5436172
5436217
5436271
5436712
5436721
5437126
5437162
5437216
5437261
5437612
5437621
5461237
5461273
5461327
5461372
5461723
5461732
5462137
5462173
5462317
5462371
5462713
5462731
5463127
5463172
5463217
5463271
5463712
5463721
5467123
5467132
5467213
5467231
5467312
5467321
5471236
5471263
5471326
5471362
5471623
5471632
5472136
5472163
5472316
5472361
5472613
5472631
5473126
5473162
5473216
5473261
5473612
5473621
5476123
5476132
5476213
5476231
5476312
5476321
5612347
5612374
5612437
5612473
5612734
5612743
5613247
5613274
5613427
5613472
5613724
5613742
5614237
5614273
5614327
5614372
5614723
5614732
5617234
5617243
5617324
5617342
5617423
5617432
5621347
5621374
5621437
5621473
5621734
5621743
5623147
5623174
5623417
5623471
5623714
5623741
5624137
5624173
5624317
5624371
5624713
5624731
5627134
5627143
5627314
5627341
5627413
5627431
5631247
5631274
5631427
5631472
5631724
5631742
5632147
5632174
5632417
5632471
5632714
5632741
5634127
5634172
5634217
5634271
5634712
5634721
5637124
5637142
5637214
5637241
5637412
5637421
5641237
5641273
5641327
5641372
5641723
5641732
5642137
5642173
5642317
5642371
5642713
5642731
5643127
5643172
5643217
5643271
5643712
5643721
5647123
5647132
5647213
5647231
5647312
5647321
5671234
5671243
5671324
5671342
5671423
5671432
5672134
5672143
5672314
5672341
5672413
5672431
5673124
5673142
5673214
5673241
5673412
5673421
5674123
5674132
5674213
5674231
5674312
5674321
5712346
5712364
5712436
5712463
5712634
5712643
5713246
5713264
5713426
5713462
5713624
5713642
5714236
5714263
5714326
5714362
5714623
5714632
5716234
5716243
5716324
5716342
5716423
5716432
5721346
5721364
5721436
5721463
5721634
5721643
5723146
5723164
5723416
5723461
5723614
5723641
5724136
5724163
5724316
5724361
5724613
5724631
5726134
5726143
5726314
5726341
5726413
5726431
5731246
5731264
5731426
5731462
5731624
5731642
5732146
5732164
5732416
5732461
5732614
5732641
5734126
5734162
5734216
5734261
5734612
5734621
5736124
5736142
5736214
5736241
5736412
5736421
5741236
5741263
5741326
5741362
5741623
5741632
5742136
5742163
5742316
5742361
5742613
5742631
5743126
5743162
5743216
5743261
5743612
5743621
5746123
5746132
5746213
5746231
5746312
5746321
5761234
5761243
5761324
5761342
5761423
5761432
5762134
5762143
5762314
5762341
5762413
5762431
5763124
5763142
5763214
5763241
5763412
5763421
5764123
5764132
5764213
5764231
5764312
5764321
