6123457
6123475
6123547
6123574
6123745
6123754
6124357
6124375
6124537
6124573
6124735
6124753
6125347
6125374
6125437
6125473
6125734
6125743
6127345
6127354
6127435
6127453
6127534
6127543
6132457
6132475
6132547
6132574
6132745
6132754
6134257
6134275
6134527
6134572
6134725
6134752
6135247
6135274
6135427
6135472
6135724
6135742
6137245
6137254
6137425
6137452
6137524
6137542
6142357
6142375
6142537
6142573
6142735
6142753
6143257
6143275
6143527
6143572
6143725
6143752
6145237
6145273
6145327
6145372
6145723
6145732
6147235
6147253
6147325
6147352
6147523
6147532
6152347
6152374
6152437
6152473
6152734
6152743
6153247
6153274
6153427
6153472
6153724
6153742
6154237
6154273
6154327
6154372
6154723
6154732
6157234
6157243
6157324
6157342
6157423
6157432
6172345
6172354
6172435
6172453
6172534
6172543
6173245
6173254
6173425
6173452
6173524
6173542
6174235
6174253
6174325
6174352
6174523
6174532
6175234
6175243
6175324
6175342
6175423
6175432
6213457
6213475
6213547
6213574
6213745
6213754
6214357
6214375
6214537
6214573
6214735
6214753
6215347
6215374
6215437
6215473
6215734
6215743
6217345
6217354
6217435
6217453
6217534
6217543
6231457
6231475
6231547
6231574
6231745
6231754
6234157
6234175
6234517
6234571
6234715
6234751
6235147
6235174
6235417
6235471
6235714
6235741
6237145
6237154
6237415
6237451
6237514
6237541
6241357
6241375
6241537
6241573
6241735
6241753
6243157
6243175
6243517
6243571
6243715
6243751
6245137
6245173
6245317
6245371
6245713
6245731
6247135
6247153
6247315
6247351
6247513
6247531
6251347
6251374
6251437
6251473
6251734
6251743
6253147
6253174
6253417
6253471
6253714
6253741
6254137
6254173
6254317
6254371
6254713
6254731
6257134
6257143
6257314
6257341
6257413
6257431
6271345
6271354
6271435
6271453
6271534
6271543
6273145
6273154
6273415
6273451
6273514
6273541
6274135
6274153
6274315
6274351
6274513
6274531
6275134
6275143
6275314
6275341
6275413
6275431
6312457
6312475
6312547
6312574
6312745
6312754
6314257
6314275
6314527
6314572
6314725
6314752
6315247
6315274
6315427
6315472
6315724
6315742
6317245
6317254
6317425
6317452
6317524
6317542
6321457
6321475
6321547
6321574
6321745
6321754
6324157
6324175
6324517
6324571
6324715
6324751
6325147
6325174
6325417
6325471
6325714
6325741
6327145
6327154
6327415
6327451
6327514
6327541
6341257
6341275
6341527
6341572
6341725
6341752
6342157
6342175
6342517
6342571
6342715
6342751
6345127
6345172
6345217
6345271
6345712
6345721
6347125
6347152
6347215
6347251
6347512
6347521
6351247
6351274
6351427
6351472
6351724
6351742
6352147
6352174
6352417
6352471
6352714
6352741
6354127
6354172
6354217
6354271
6354712
6354721
6357124
6357142
6357214
6357241
6357412
6357421
6371245
6371254
6371425
6371452
6371524
6371542
6372145
6372154
6372415
6372451
6372514
6372541
6374125
6374152
6374215
6374251
6374512
6374521
6375124
6375142
6375214
6375241
6375412
6375421
6412357
6412375
6412537
6412573
6412735
6412753
6413257
6413275
6413527
6413572
6413725
6413752
6415237
6415273
6415327
6415372
6415723
6415732
6417235
6417253
6417325
6417352
6417523
6417532
6421357
6421375
6421537
6421573
6421735
6421753
6423157
6423175
6423517
6423571
6423715
6423751
6425137
6425173
6425317
6425371
6425713
6425731
6427135
6427153
6427315
6427351
6427513
6427531
6431257
6431275
6431527
6431572
6431725
6431752
6432157
6432175
6432517
6432571
6432715
6432751
6435127
6435172
6435217
6435271
6435712
6435721
6437125
6437152
6437215
6437251
6437512
6437521
6451237
6451273
6451327
6451372
6451723
6451732
6452137
6452173
6452317
6452371
6452713
6452731
6453127
6453172
6453217
6453271
6453712
6453721
6457123
6457132
6457213
6457231
6457312
6457321
6471235
6471253
6471325
6471352
6471523
6471532
6472135
6472153
6472315
6472351
6472513
6472531
6473125
6473152
6473215
6473251
6473512
6473521
6475123
6475132
6475213
6475231
6475312
6475321
6512347
6512374
6512437
6512473
6512734
6512743
6513247
6513274
6513427
6513472
6513724
6513742
6514237
6514273
6514327
6514372
6514723
6514732
6517234
6517243
6517324
6517342
6517423
6517432
6521347
6521374
6521437
6521473
6521734
6521743
6523147
6523174
6523417
6523471
6523714
6523741
6524137
6524173
6524317
6524371
6524713
6524731
6527134
6527143
6527314
6527341
6527413
6527431
6531247
6531274
6531427
6531472
6531724
6531742
6532147
6532174
6532417
6532471
6532714
6532741
6534127
6534172
6534217
6534271
6534712
6534721
6537124
6537142
6537214
6537241
6537412
6537421
6541237
6541273
6541327
6541372
6541723
6541732
6542137
6542173
6542317
6542371
6542713
6542731
6543127
6543172
6543217
6543271
6543712
6543721
6547123
6547132
6547213
6547231
6547312
6547321
6571234
6571243
6571324
6571342
6571423
6571432
6572134
6572143
6572314
6572341
6572413
6572431
6573124
6573142
6573214
6573241
6573412
6573421
6574123
6574132
6574213
6574231
6574312
6574321
6712345
6712354
6712435
6712453
6712534
6712543
6713245
6713254
6713425
6713452
6713524
6713542
6714235
6714253
6714325
6714352
6714523
6714532
6715234
6715243
6715324
6715342
6715423
6715432
6721345
6721354
6721435
6721453
6721534
6721543
6723145
6723154
6723415
6723451
6723514
6723541
6724135
6724153
6724315
6724351
6724513
6724531
6725134
6725143
6725314
6725341
6725413
6725431
6731245
6731254
6731425
6731452
6731524
6731542
6732145
6732154
6732415
6732451
6732514
6732541
6734125
6734152
6734215
6734251
6734512
6734521
6735124
6735142
6735214
6735241
6735412
6735421
6741235
6741253
6741325
6741352
6741523
6741532
6742135
6742153
6742315
6742351
6742513
6742531
6743125
6743152
6743215
6743251
6743512
6743521
6745123
6745132
6745213
6745231
6745312
6745321
6751234
6751243
6751324
6751342
6751423
6751432
6752134
6752143
6752314
6752341
6752413
6752431
6753124
6753142
6753214
6753241
6753412
6753421
6754123
6754132
6754213
6754231
6754312
6754321
